image_width: 1024
image_height: 768
camera_name: ceiling_cam
camera_matrix:
  rows: 3
  cols: 3
  data: [566.437924571920,                0., 494.758315797541,
                       0.,  567.108073967911, 362.806993961281,
                       0.,                0.,               1.]
distortion_model: plumb_bob
distortion_coefficients:
  rows: 1
  cols: 5
  data: [-0.341775294485340, 0.133827435807006, 0, 0, -0.026204968872742]
rectification_matrix:
  rows: 3
  cols: 3
  data: [1., 0., 0.,
         0., 1., 0.,
         0., 0., 1.]
projection_matrix:
  rows: 3
  cols: 4
  data: [566.437924571920,                 0.,  494.758315797541,  0., 
                       0.,   567.108073967911, 362.806993961281,   0.,
                       0.,                 0.,               1.,   0.]